if game.PlaceId == 2753915549 then
    World1 = true
elseif game.PlaceId == 4442272183 then
    World2 = true
elseif game.PlaceId == 7449423635 then
    World3 = true
else
    game:GetService("Players").LocalPlayer:Kick("Do not Support, Please wait...")
end

function CheckQuest()
    local MyLevel = game:GetService("Players").LocalPlayer.Data.Level.Value

    if World1 then
        if MyLevel >= 1 and MyLevel <= 9 then
            Mon = "Bandit"
            LevelQuest = 1
            NameQuest = "BanditQuest1"
            NameMon = "Bandit"
            CFrameQuest = CFrame.new(1059.37195, 15.4495068, 1550.4231, 0.939700544, -0, -0.341998369, 0, 1, -0, 0.341998369, 0, 0.939700544)
            CFrameMon = CFrame.new(1045.962646484375, 27.00250816345215, 1560.8203125)
        elseif MyLevel >= 10 and MyLevel <= 14 then
            Mon = "Monkey"
            LevelQuest = 1
            NameQuest = "JungleQuest"
            NameMon = "Monkey"
            CFrameQuest = CFrame.new(-1598.08911, 35.5501175, 153.377838, 0, 0, 1, 0, 1, -0, -1, 0, 0)
            CFrameMon = CFrame.new(-1448.51806640625, 67.85301208496094, 11.46579647064209)
        elseif MyLevel >= 15 and MyLevel <= 29 then
            Mon = "Gorilla"
            LevelQuest = 2
            NameQuest = "JungleQuest"
            NameMon = "Gorilla"
            CFrameQuest = CFrame.new(-1598.08911, 35.5501175, 153.377838, 0, 0, 1, 0, 1, -0, -1, 0, 0)
            CFrameMon = CFrame.new(-1129.8836669921875, 40.46354675292969, -525.4237060546875)
        elseif MyLevel >= 30 and MyLevel <= 39 then
            Mon = "Pirate"
            LevelQuest = 1
            NameQuest = "BuggyQuest1"
            NameMon = "Pirate"
            CFrameQuest = CFrame.new(-1141.07483, 4.10001802, 3831.5498, 0.965929627, -0, -0.258804798, 0, 1, -0, 0.258804798, 0, 0.965929627)
            CFrameMon = CFrame.new(-1103.513427734375, 13.752052307128906, 3896.091064453125)
        elseif MyLevel >= 40 and MyLevel <= 59 then
            Mon = "Brute"
            LevelQuest = 2
            NameQuest = "BuggyQuest1"
            NameMon = "Brute"
            CFrameQuest = CFrame.new(-1141.07483, 4.10001802, 3831.5498, 0.965929627, -0, -0.258804798, 0, 1, -0, 0.258804798, 0, 0.965929627)
            CFrameMon = CFrame.new(-1140.083740234375, 14.809885025024414, 4322.92138671875)
        elseif MyLevel >= 60 and MyLevel <= 74 then
            Mon = "Desert Bandit"
            LevelQuest = 1
            NameQuest = "DesertQuest"
            NameMon = "Desert Bandit"
            CFrameQuest = CFrame.new(894.488647, 5.14000702, 4392.43359, 0.819155693, -0, -0.573571265, 0, 1, -0, 0.573571265, 0, 0.819155693)
            CFrameMon = CFrame.new(924.7998046875, 6.44867467880249, 4481.5859375)
        -- Continuação do código simplificada com as demais condições...
        end
    elseif World2 then
        if MyLevel >= 700 and MyLevel <= 724 then
            Mon = "Raider"
            LevelQuest = 1
            NameQuest = "Area1Quest"
            NameMon = "Raider"
            CFrameQuest = CFrame.new(-429.543518, 71.7699966, 1836.18188, -0.22495985, 0, -0.974368095, 0, 1, 0, 0.974368095, 0, -0.22495985)
            CFrameMon = CFrame.new(-728.3267211914062, 52.779319763183594, 2345.7705078125)
        elseif MyLevel >= 725 and MyLevel <= 774 then
            Mon = "Mercenary"
            LevelQuest = 2
            NameQuest = "Area1Quest"
            NameMon = "Mercenary"
            CFrameQuest = CFrame.new(-429.543518, 71.7699966, 1836.18188, -0.22495985, 0, -0.974368095, 0, 1, 0, 0.974368095, 0, -0.22495985)
            CFrameMon = CFrame.new(-1004.3244018554688, 80.15886688232422, 1424.619384765625)
        -- Continuação do código...
        end
    -- Continuação para outros mundos...
    end
end
